k=1.5913586671461104
b=2.3446121811560428